{
    "lgbm": {
        "accuracy": 0.9984402980763676,
        "precision": 0.02335456475583864,
        "recall": 0.028350515463917526,
        "f1": 0.025611175785797437
    },
    "rf": {
        "accuracy": 1.0,
        "precision": 1.0,
        "recall": 1.0,
        "f1": 1.0
    },
    "xgb": {
        "accuracy": 0.9997726599346677,
        "precision": 0.8757062146892656,
        "recall": 0.7989690721649485,
        "f1": 0.8355795148247979
    }
}